3 690329 0 25000 7 4
3 690329 0 25000 7 4
3 690329 0 25000 7 4
3 690329 0 25000 7 4
3 690329 0 25000 7 4
3 690329 0 25000 7 4
3 690329 0 25000 7 4
3 690329 0 25000 7 4
3 690329 0 25000 7 4
3 690329 0 25000 7 4
3 690329 0 25000 7 4
3 690329 0 25000 7 4
3 690329 0 25000 7 4
3 690329 0 25000 7 4
3 690329 0 25000 7 4
3 690329 0 25000 7 4
8 720731 0 55000 0 1
8 720731 0 55000 0 1
8 720731 0 55000 0 1
8 720731 0 55000 0 1
8 720731 0 55000 0 1
8 720731 0 55000 0 1
8 720731 0 55000 0 1
8 720731 0 55000 0 1
8 720731 0 55000 0 1
8 720731 0 55000 0 1
8 720731 0 55000 0 1
8 720731 0 55000 0 1
8 720731 0 55000 0 1
8 720731 0 55000 0 1
8 720731 0 55000 0 1
8 720731 0 55000 0 1
8 720731 0 55000 0 1
8 720731 0 55000 0 1
8 720731 0 55000 0 1
8 720731 0 55000 0 1
8 720731 0 55000 0 1
8 720731 0 55000 0 1
8 720731 0 55000 0 1
8 720731 0 55000 0 1
8 720731 0 55000 0 1
