2 650109 1 25000 6 5
2 650109 1 25000 6 5
2 650109 1 25000 6 5
2 650109 1 25000 6 5
2 650109 1 25000 6 5
2 650109 1 25000 6 5
2 650109 1 25000 6 5
3 690329 0 25000 7 4
3 690329 0 25000 7 4
3 690329 0 25000 7 4
3 690329 0 25000 7 4
3 690329 0 25000 7 4
3 690329 0 25000 7 4
3 690329 0 25000 7 4
3 690329 0 25000 7 4
3 690329 0 25000 7 4
3 690329 0 25000 7 4
3 690329 0 25000 7 4
3 690329 0 25000 7 4
3 690329 0 25000 7 4
3 690329 0 25000 7 4
3 690329 0 25000 7 4
3 690329 0 25000 7 4
3 690329 0 25000 7 4
3 690329 0 25000 7 4
3 690329 0 25000 7 4
3 690329 0 25000 7 4
3 690329 0 25000 7 4
3 690329 0 25000 7 4
3 690329 0 25000 7 4
3 690329 0 25000 7 4
3 690329 0 25000 7 4
3 690329 0 25000 7 4
3 690329 0 25000 7 4
3 690329 0 25000 7 4
3 690329 0 25000 7 4
3 690329 0 25000 7 4
3 690329 0 25000 7 4
3 690329 0 25000 7 4
8 720731 0 55000 0 1
8 720731 0 55000 0 1
