8 720731 0 55000 0 1
8 720731 0 55000 0 1
8 720731 0 55000 0 1
8 720731 0 55000 0 1
8 720731 0 55000 0 1
8 720731 0 55000 0 1
8 720731 0 55000 0 1
8 720731 0 55000 0 1
8 720731 0 55000 0 1
8 720731 0 55000 0 1
8 720731 0 55000 0 1
8 720731 0 55000 0 1
8 720731 0 55000 0 1
8 720731 0 55000 0 1
8 720731 0 55000 0 1
8 720731 0 55000 0 1
8 720731 0 55000 0 1
8 720731 0 55000 0 1
8 720731 0 55000 0 1
8 720731 0 55000 0 1
8 720731 0 55000 0 1
8 720731 0 55000 0 1
8 720731 0 55000 0 1
8 720731 0 55000 0 1
