8 720731 0 55000 0 1
8 720731 0 55000 0 1
8 720731 0 55000 0 1
8 720731 0 55000 0 1
8 720731 0 55000 0 1
8 720731 0 55000 0 1
8 720731 0 55000 0 1
8 720731 0 55000 0 1
8 720731 0 55000 0 1
8 720731 0 55000 0 1
8 720731 0 55000 0 1
8 720731 0 55000 0 1
8 720731 0 55000 0 1
8 720731 0 55000 0 1
8 720731 0 55000 0 1
8 720731 0 55000 0 1
8 720731 0 55000 0 1
4 271110 0 30000 6 5
4 271110 0 30000 6 5
4 271110 0 30000 6 5
4 271110 0 30000 6 5
4 271110 0 30000 6 5
4 271110 0 30000 6 5
4 271110 0 30000 6 5
4 271110 0 30000 6 5
4 271110 0 30000 6 5
4 271110 0 30000 6 5
4 271110 0 30000 6 5
4 271110 0 30000 6 5
4 271110 0 30000 6 5
4 271110 0 30000 6 5
4 271110 0 30000 6 5
4 271110 0 30000 6 5
4 271110 0 30000 6 5
4 271110 0 30000 6 5
4 271110 0 30000 6 5
4 271110 0 30000 6 5
4 271110 0 30000 6 5
4 271110 0 30000 6 5
4 271110 0 30000 6 5
4 271110 0 30000 6 5
