4 271110 0 30000 6 5
7 551208 1 43000 8 4
1 551208 1 25000 7 4
6 551208 0 40000 8 5
7 551208 1 43000 8 4
6 551208 0 40000 8 5
7 551208 1 43000 8 4
1 551208 1 25000 7 4
6 551208 0 40000 8 5
7 551208 1 43000 8 4
1 551208 1 25000 7 4
6 551208 0 40000 8 5
7 551208 1 43000 8 4
1 551208 1 25000 7 4
6 551208 0 40000 8 5
7 551208 1 43000 8 4
1 551208 1 25000 7 4
6 551208 0 40000 8 5
7 551208 1 43000 8 4
1 551208 1 25000 7 4
6 551208 0 40000 8 5
6 551208 0 40000 8 5
7 551208 1 43000 8 4
1 551208 1 25000 7 4
6 551208 0 40000 8 5
7 551208 1 43000 8 4
1 551208 1 25000 7 4
6 551208 0 40000 8 5
7 551208 1 43000 8 4
1 551208 1 25000 7 4
6 551208 0 40000 8 5
7 551208 1 43000 8 4
1 551208 1 25000 7 4
6 551208 0 40000 8 5
7 551208 1 43000 8 4
1 551208 1 25000 7 4
6 551208 0 40000 8 5
7 551208 1 43000 8 4
1 551208 1 25000 7 4
6 551208 0 40000 8 5
7 551208 1 43000 8 4
