7 551208 1 43000 8 4
1 551208 1 25000 7 4
5 620915 0 38000 6 5
5 620915 0 38000 6 5
5 620915 0 38000 6 5
5 620915 0 38000 6 5
5 620915 0 38000 6 5
5 620915 0 38000 6 5
5 620915 0 38000 6 5
5 620915 0 38000 6 5
5 620915 0 38000 6 5
5 620915 0 38000 6 5
5 620915 0 38000 6 5
5 620915 0 38000 6 5
5 620915 0 38000 6 5
5 620915 0 38000 6 5
5 620915 0 38000 6 5
5 620915 0 38000 6 5
5 620915 0 38000 6 5
5 620915 0 38000 6 5
5 620915 0 38000 6 5
5 620915 0 38000 6 5
5 620915 0 38000 6 5
5 620915 0 38000 6 5
5 620915 0 38000 6 5
5 620915 0 38000 6 5
5 620915 0 38000 6 5
5 620915 0 38000 6 5
5 620915 0 38000 6 5
5 620915 0 38000 6 5
5 620915 0 38000 6 5
5 620915 0 38000 6 5
5 620915 0 38000 6 5
5 620915 0 38000 6 5
2 650109 1 25000 6 5
2 650109 1 25000 6 5
2 650109 1 25000 6 5
2 650109 1 25000 6 5
2 650109 1 25000 6 5
2 650109 1 25000 6 5
2 650109 1 25000 6 5
