5 620915 0 38000 6 5
5 620915 0 38000 6 5
5 620915 0 38000 6 5
5 620915 0 38000 6 5
5 620915 0 38000 6 5
5 620915 0 38000 6 5
5 620915 0 38000 6 5
5 620915 0 38000 6 5
5 620915 0 38000 6 5
5 620915 0 38000 6 5
5 620915 0 38000 6 5
5 620915 0 38000 6 5
5 620915 0 38000 6 5
5 620915 0 38000 6 5
5 620915 0 38000 6 5
5 620915 0 38000 6 5
2 650109 1 25000 6 5
2 650109 1 25000 6 5
2 650109 1 25000 6 5
2 650109 1 25000 6 5
2 650109 1 25000 6 5
2 650109 1 25000 6 5
2 650109 1 25000 6 5
2 650109 1 25000 6 5
2 650109 1 25000 6 5
2 650109 1 25000 6 5
2 650109 1 25000 6 5
2 650109 1 25000 6 5
2 650109 1 25000 6 5
2 650109 1 25000 6 5
2 650109 1 25000 6 5
2 650109 1 25000 6 5
2 650109 1 25000 6 5
2 650109 1 25000 6 5
2 650109 1 25000 6 5
2 650109 1 25000 6 5
2 650109 1 25000 6 5
2 650109 1 25000 6 5
2 650109 1 25000 6 5
2 650109 1 25000 6 5
2 650109 1 25000 6 5
